== Ejercicio 2 ==

== Caso 1 ==

239  29  68 255 199  76  35 255  87  16  24 255 135  35  11 255  98  44  69 255  45   5  27 255   0   0   0 255   0   0   0 255   0   0   0 255 159   1   5 255 203  24  24 255 235   7  40 255 
254   6   1 255 210  20  17 255   0   0   0 255   0   0   0 255 253  88   4 255 205   6  44 255 198  25  30 255 167  94  15 255 245  18  43 255 235  40   6 255   0   0   0 255 117  11  47 255 
134  39   5 255   0   0   0 255 173  33  88 255 166   1  41 255   0   0   0 255 204  92  53 255 191   4  33 255 119  20  51 255 240  87   6 255 248   6  33 255 243  55 106 255 254  51   7 255 
  0   0   0 255  52  16 126 255 249   7  20 255   0   0   0 255 255   5  36 255 216  13  38 255 182  78  95 255 192   1 128 255 234 103  19 255 175  87  60 255  91   2  32 255  85  11   8 255 
142  34  13 255   0   0   0 255 244  52  84 255   0   0   0 255 252  44  21 255 138  61  32 255   0   0   0 255 104   4 119 255 255  27  32 255 243   9 172 255   0   0   0 255  70  40 100 255 
  0   0   0 255   0   0   0 255  62  48  16 255 209   3  78 255   0   0   0 255 142  12 134 255 213  38  71 255 252   5 159 255 234   3  90 255   0   0   0 255 154  37   4 255   0   0   0 255 
236   5  76 255 254   1   3 255 141  35  52 255 179  20  35 255   0   0   0 255 224  69  16 255 233   5  36 255 148  89 161 255   0   0   0 255 247  44   1 255 117  50  69 255 249  67   1 255 
  0   0   0 255   0   0   0 255  90  12 107 255   0   0   0 255   0   0   0 255   0   0   0 255   0   0   0 255   0   0   0 255   0   0   0 255 176  35  20 255 238  55  14 255 172  67  43 255 
208  77 197 255   0   0   0 255 118  54  21 255 209   2 191 255  73  15  57 255   0   0   0 255   0   0   0 255 222 103  22 255   0   0   0 255   0   0   0 255   0   0   0 255 196  65   6 255 
232  77  16 255 225  18  17 255  95  84  20 255 139 111  91 255 217  10   3 255  89  46  81 255 230  56 180 255   0   0   0 255 124  61  47 255   0   0   0 255 137   2  99 255 108 110  12 255 
  0   0   0 255   0   0   0 255 234  47  43 255 254  64  83 255 217   8 101 255  53  41  68 255 216  73  62 255   0   0   0 255   0   0   0 255 246  20 145 255   0   0   0 255 200  69 124 255 
132   5  45 255   0   0   0 255 215   9 104 255   0   0   0 255 233  25   1 255 176   9   2 255   0   0   0 255   0   0   0 255 152  36 103 255 223  89 124 255 186  35   2 255 176  21 148 255 
152  36 158 255   0   0   0 255 181  43 240 255 215  72  26 255 246  60   9 255 240  10  87 255   0   0   0 255   0   0   0 255  94  90 152 255 213  44 133 255  76  31 175 255   0   0   0 255 
115  17  31 255 253   1  41 255   0   0   0 255   0   0   0 255   0   0   0 255 239  36   1 255   0   0   0 255   0   0   0 255 211  90  59 255 162  43  37 255 239  60  57 255  33   4  30 255 
  0   0   0 255 253  23 152 255   0   0   0 255  81  69   5 255   0   0   0 255 187  58  63 255 184  37  28 255 234   9 163 255 251  11  90 255 209  82   4 255 190  90  45 255   0   0   0 255 
236   1  25 255 255  46 130 255   0   0   0 255 185   8 159 255   0   0   0 255 250  90  20 255 224  21 175 255 253   6   2 255   0   0   0 255 243  57  14 255   0   0   0 255  15   8  87 255 
253   1  62 255  81   3  41 255   0   0   0 255   0   0   0 255 106   5 114 255 194   4 100 255  94  46 109 255   0   0   0 255   0   0   0 255  83  56 113 255  37   5  32 255 250  34  32 255 
245  19  80 255   0   0   0 255 172  63   6 255 144  44  70 255 199  20  12 255   0   0   0 255   0   0   0 255 237   3 180 255 232   1 100 255 243  23  34 255   0   0   0 255 243  56  48 255 
184   1  99 255 188  29  78 255 196  28  72 255 254  14  13 255 110  33 155 255   0   0   0 255 253   9  13 255 205  69  14 255   0   0   0 255   0   0   0 255 104   9  18 255   0   0   0 255 
204  53  11 255   0   0   0 255 151  14  49 255   0   0   0 255   0   0   0 255 229  60  26 255 180  24  96 255  68  51  16 255   0   0   0 255 210  14  63 255 254   7   2 255 174  32  18 255 

== Caso 2 ==

  0   0   0 255 148  35  52 255 232 146  51 255 165 110   5 255   0   0   0 255   0   0   0 255   0   0   0 255   0   0   0 255 198 174 141 255   0   0   0 255   0   0   0 255 229  77 160 255 
165 110   5 255   0   0   0 255   0   0   0 255   0   0   0 255   0   0   0 255 198 174 141 255   0   0   0 255   0   0   0 255 229  77 160 255   0   0   0 255   0   0   0 255   0   0   0 255 
  0   0   0 255   0   0   0 255 198 174 141 255   0   0   0 255   0   0   0 255 229  77 160 255   0   0   0 255   0   0   0 255   0   0   0 255   0   0   0 255   0   0   0 255 238 205 176 255 
  0   0   0 255   0   0   0 255 229  77 160 255   0   0   0 255   0   0   0 255   0   0   0 255   0   0   0 255   0   0   0 255 238 205 176 255 233  98   4 255   0   0   0 255   0   0   0 255 
  0   0   0 255   0   0   0 255   0   0   0 255   0   0   0 255   0   0   0 255 238 205 176 255 233  98   4 255   0   0   0 255   0   0   0 255   0   0   0 255 234 190  69 255   0   0   0 255 
  0   0   0 255   0   0   0 255 238 205 176 255 233  98   4 255   0   0   0 255   0   0   0 255   0   0   0 255 234 190  69 255   0   0   0 255 143 124  24 255 243 204  63 255   0   0   0 255 
233  98   4 255   0   0   0 255   0   0   0 255   0   0   0 255 234 190  69 255   0   0   0 255 143 124  24 255 243 204  63 255   0   0   0 255 186 249 117 255 210 174  46 255   0   0   0 255 
  0   0   0 255 234 190  69 255   0   0   0 255 143 124  24 255 243 204  63 255   0   0   0 255 186 249 117 255 210 174  46 255   0   0   0 255 151  94  18 255 182 222  29 255   0   0   0 255 
143 124  24 255 243 204  63 255   0   0   0 255 186 249 117 255 210 174  46 255   0   0   0 255 151  94  18 255 182 222  29 255   0   0   0 255 239 178   6 255   0   0   0 255   0   0   0 255 
186 249 117 255 210 174  46 255   0   0   0 255 151  94  18 255 182 222  29 255   0   0   0 255 239 178   6 255   0   0   0 255   0   0   0 255 227  91  72 255   0   0   0 255 234 102   4 255 
151  94  18 255 182 222  29 255   0   0   0 255 239 178   6 255   0   0   0 255   0   0   0 255 227  91  72 255   0   0   0 255 234 102   4 255   0   0   0 255   0   0   0 255   0   0   0 255 
239 178   6 255   0   0   0 255   0   0   0 255 227  91  72 255   0   0   0 255 234 102   4 255   0   0   0 255   0   0   0 255   0   0   0 255   0   0   0 255   0   0   0 255 255 166 140 255 
227  91  72 255   0   0   0 255 234 102   4 255   0   0   0 255   0   0   0 255   0   0   0 255   0   0   0 255   0   0   0 255 255 166 140 255   0   0   0 255  79  52  66 255 218 152  83 255 
  0   0   0 255   0   0   0 255   0   0   0 255   0   0   0 255   0   0   0 255 255 166 140 255   0   0   0 255  79  52  66 255 218 152  83 255   0   0   0 255 235  33  46 255   0   0   0 255 
  0   0   0 255   0   0   0 255 255 166 140 255   0   0   0 255  79  52  66 255 218 152  83 255   0   0   0 255 235  33  46 255   0   0   0 255  82 144 180 255   0   0   0 255   0   0   0 255 
  0   0   0 255  79  52  66 255 218 152  83 255   0   0   0 255 235  33  46 255   0   0   0 255  82 144 180 255   0   0   0 255   0   0   0 255   0   0   0 255 251  96  10 255   0   0   0 255 
  0   0   0 255 235  33  46 255   0   0   0 255  82 144 180 255   0   0   0 255   0   0   0 255   0   0   0 255 251  96  10 255   0   0   0 255   0   0   0 255 234 171 161 255 199 130  15 255 
 82 144 180 255   0   0   0 255   0   0   0 255   0   0   0 255 251  96  10 255   0   0   0 255   0   0   0 255 234 171 161 255 199 130  15 255 210 161 124 255   0   0   0 255   0   0   0 255 
  0   0   0 255 251  96  10 255   0   0   0 255   0   0   0 255 234 171 161 255 199 130  15 255 210 161 124 255   0   0   0 255   0   0   0 255   0   0   0 255   0   0   0 255   0   0   0 255 
  0   0   0 255 234 171 161 255 199 130  15 255 210 161 124 255   0   0   0 255   0   0   0 255   0   0   0 255   0   0   0 255   0   0   0 255   0   0   0 255   0   0   0 255   0   0   0 255 

== Random ==

  0   0   0 255   0   0   0 255   0   0   0 255   0   0   0 255 148 208   1 255 222  42  21 255   0   0   0 255   0   0   0 255 224 134  68 255 195  10 116 255   0   0   0 255   0   0   0 255 
  0   0   0 255 148 208   1 255 222  42  21 255   0   0   0 255   0   0   0 255 224 134  68 255 195  10 116 255   0   0   0 255   0   0   0 255   0   0   0 255   0   0   0 255   0   0   0 255 
  0   0   0 255   0   0   0 255 224 134  68 255 195  10 116 255   0   0   0 255   0   0   0 255   0   0   0 255   0   0   0 255   0   0   0 255   0   0   0 255 247 183 159 255   0   0   0 255 
195  10 116 255   0   0   0 255   0   0   0 255   0   0   0 255   0   0   0 255   0   0   0 255   0   0   0 255 247 183 159 255   0   0   0 255 199 191 109 255   0   0   0 255   0   0   0 255 
  0   0   0 255   0   0   0 255   0   0   0 255   0   0   0 255 247 183 159 255   0   0   0 255 199 191 109 255   0   0   0 255   0   0   0 255  52  53  14 255   0   0   0 255   0   0   0 255 
  0   0   0 255 247 183 159 255   0   0   0 255 199 191 109 255   0   0   0 255   0   0   0 255  52  53  14 255   0   0   0 255   0   0   0 255 188 210  71 255   0   0   0 255   0   0   0 255 
199 191 109 255   0   0   0 255   0   0   0 255  52  53  14 255   0   0   0 255   0   0   0 255 188 210  71 255   0   0   0 255   0   0   0 255   0   0   0 255  62   4 136 255   0   0   0 255 
 52  53  14 255   0   0   0 255   0   0   0 255 188 210  71 255   0   0   0 255   0   0   0 255   0   0   0 255  62   4 136 255   0   0   0 255   0   0   0 255 239  51  31 255 251 128 133 255 
188 210  71 255   0   0   0 255   0   0   0 255   0   0   0 255  62   4 136 255   0   0   0 255   0   0   0 255 239  51  31 255 251 128 133 255   0   0   0 255 231  44  21 255 245  52  12 255 
  0   0   0 255  62   4 136 255   0   0   0 255   0   0   0 255 239  51  31 255 251 128 133 255   0   0   0 255 231  44  21 255 245  52  12 255 238  76  10 255 237  57  39 255 175  60  93 255 
  0   0   0 255 239  51  31 255 251 128 133 255   0   0   0 255 231  44  21 255 245  52  12 255 238  76  10 255 237  57  39 255 175  60  93 255 187 162 132 255   0   0   0 255   0   0   0 255 
  0   0   0 255 231  44  21 255 245  52  12 255 238  76  10 255 237  57  39 255 175  60  93 255 187 162 132 255   0   0   0 255   0   0   0 255 227  21   6 255 244 133  23 255  81  59  18 255 
238  76  10 255 237  57  39 255 175  60  93 255 187 162 132 255   0   0   0 255   0   0   0 255 227  21   6 255 244 133  23 255  81  59  18 255   0   0   0 255 228 149   1 255 192 140  93 255 
187 162 132 255   0   0   0 255   0   0   0 255 227  21   6 255 244 133  23 255  81  59  18 255   0   0   0 255 228 149   1 255 192 140  93 255   0   0   0 255   0   0   0 255 253 166  35 255 
227  21   6 255 244 133  23 255  81  59  18 255   0   0   0 255 228 149   1 255 192 140  93 255   0   0   0 255   0   0   0 255 253 166  35 255   0   0   0 255   0   0   0 255 235  90  12 255 
  0   0   0 255 228 149   1 255 192 140  93 255   0   0   0 255   0   0   0 255 253 166  35 255   0   0   0 255   0   0   0 255 235  90  12 255 240 149  86 255   0   0   0 255   0   0   0 255 
  0   0   0 255   0   0   0 255 253 166  35 255   0   0   0 255   0   0   0 255 235  90  12 255 240 149  86 255   0   0   0 255   0   0   0 255 184 241  97 255   0   0   0 255 220 101  85 255 
  0   0   0 255   0   0   0 255 235  90  12 255 240 149  86 255   0   0   0 255   0   0   0 255 184 241  97 255   0   0   0 255 220 101  85 255 130 121 115 255   0   0   0 255   0   0   0 255 
240 149  86 255   0   0   0 255   0   0   0 255 184 241  97 255   0   0   0 255 220 101  85 255 130 121 115 255   0   0   0 255   0   0   0 255 235 177   2 255   0   0   0 255   0   0   0 255 
184 241  97 255   0   0   0 255 220 101  85 255 130 121 115 255   0   0   0 255   0   0   0 255 235 177   2 255   0   0   0 255   0   0   0 255 215  32  39 255  71 157 144 255 189 173 110 255 
